epoch:0
train:0.00112		0.02215	0.01881
 val:0.00940		0.00000	0.00000
 test:0.01140		0.00000	0.00000
epoch:1
train:0.01030		0.00000	0.00000
 val:0.00940		0.00000	0.00000
 test:0.01140		0.00000	0.00000
