best_acc_result:
epoch:43
train:0.95125		0.98919	0.97901
 val:0.88980		0.96838	0.95813
 test:0.88160		0.96531	0.95435
best_acc_result:
epoch:36
train:0.93680		0.98525	0.97515
 val:0.89560		0.97074	0.96068
 test:0.88440		0.96638	0.95570
